eng neon=703.43586 assigned neon=703.44765, wlaser=774.61965

residuals x 1000
      2.98     2.91     3.03         7   4   1
      2.99     3.45     3.08         8   5   2
      3.73     3.48     3.09         9   6   3
met laser residuals, ppm
      1.29     6.97    10.59         7   4   1
     -0.77     6.20     8.26         8   5   2
     -4.39     3.10     5.94         9   6   3
met laser relative, ppm
     -4.91     0.77     4.39         7   4   1
     -6.97     0.00     2.07         8   5   2
    -10.59    -3.10    -0.26         9   6   3
 FOV   "a"       "b"     dmin     wmin      wfov
  1   0.981    0.0192   0.0030    10.59   774.6278 
  2   0.986    0.0153   0.0031     8.26   774.6260 
  3   0.986    0.0173   0.0031     5.94   774.6242 
  4   0.984    0.0165   0.0029     6.97   774.6250 
  5   0.988    0.0137   0.0035     6.20   774.6244 
  6   0.996    0.0094   0.0035     3.10   774.6220 
  7   0.981    0.0177   0.0030     1.29   774.6206 
  8   0.982    0.0179   0.0030    -0.77   774.6190 
  9   0.993    0.0108   0.0037    -4.39   774.6162 
