11-11_pl_s1_CH4
eng neon=703.43586 assigned neon=703.44765, wlaser=772.19211

residuals x 1000
      7.07     7.13     7.01         7   4   1
      7.15     6.76     7.14         8   5   2
      7.01     7.13     7.07         9   6   3
met laser residuals, ppm
      4.14     8.29    13.21         7   4   1
      2.33     6.73    10.10         8   5   2
      1.81     5.44     9.07         9   6   3
met laser relative, ppm
     -2.59     1.55     6.48         7   4   1
     -4.40     0.00     3.37         8   5   2
     -4.92    -1.30     2.33         9   6   3
 FOV   "a"       "b"     dmin     wmin      wfov
  1   0.979    0.0217   0.0070    13.21   772.2023 
  2   0.981    0.0193   0.0071    10.10   772.1999 
  3   0.981    0.0198   0.0071     9.07   772.1991 
  4   0.984    0.0171   0.0071     8.29   772.1985 
  5   0.980    0.0199   0.0068     6.73   772.1973 
  6   0.982    0.0182   0.0071     5.44   772.1963 
  7   0.985    0.0166   0.0071     4.14   772.1953 
  8   0.981    0.0195   0.0072     2.33   772.1939 
  9   0.981    0.0196   0.0070     1.81   772.1935 
