eng neon=703.43586 assigned neon=703.44765, wlaser=774.62014

residuals x 1000
      8.01     6.03     7.77         7   4   1
      5.96     5.08     6.09         8   5   2
      8.22     6.07     7.86         9   6   3
met laser residuals, ppm
      5.94     9.04    14.20         7   4   1
      3.36     7.49    10.33         8   5   2
      4.65     6.45    10.59         9   6   3
met laser relative, ppm
     -1.55     1.55     6.71         7   4   1
     -4.13     0.00     2.84         8   5   2
     -2.84    -1.03     3.10         9   6   3
 FOV   "a"       "b"     dmin     wmin      wfov
  1   0.973    0.0321   0.0078    14.20   774.6311 
  2   0.976    0.0287   0.0061    10.33   774.6281 
  3   0.975    0.0310   0.0079    10.59   774.6283 
  4   0.978    0.0266   0.0060     9.04   774.6271 
  5   0.970    0.0329   0.0051     7.49   774.6259 
  6   0.978    0.0266   0.0061     6.45   774.6251 
  7   0.978    0.0281   0.0080     5.94   774.6247 
  8   0.980    0.0251   0.0060     3.36   774.6227 
  9   0.973    0.0318   0.0082     4.65   774.6237 
