11-08_pl_s2_CO2
eng neon=703.43586 assigned neon=703.44765, wlaser=772.04458

residuals x 1000
      2.73     2.83     2.70         7   4   1
      2.36     3.37     4.33         8   5   2
      3.24     3.00     3.10         9   6   3
met laser residuals, ppm
      0.52     8.81    13.73         7   4   1
     -0.52     8.03    12.69         8   5   2
     -0.26     7.77    13.21         9   6   3
met laser relative, ppm
     -7.51     0.78     5.70         7   4   1
     -8.55     0.00     4.66         8   5   2
     -8.29    -0.26     5.18         9   6   3
 FOV   "a"       "b"     dmin     wmin      wfov
  1   0.979    0.0243   0.0027    13.73   772.0552 
  2   0.988    0.0176   0.0043    12.69   772.0544 
  3   0.989    0.0177   0.0031    13.21   772.0548 
  4   0.984    0.0202   0.0028     8.81   772.0514 
  5   0.989    0.0160   0.0034     8.03   772.0508 
  6   0.989    0.0163   0.0030     7.77   772.0506 
  7   0.988    0.0158   0.0027     0.52   772.0450 
  8   0.980    0.0232   0.0024    -0.52   772.0442 
  9   0.985    0.0190   0.0032    -0.26   772.0444 
