eng neon=703.43586 assigned neon=703.44765, wlaser=774.48011

residuals x 1000
      2.52     3.83     2.17         7   4   1
      3.16     3.92     3.13         8   5   2
      3.10     3.11     2.68         9   6   3
met laser residuals, ppm
      3.62     9.04    13.94         7   4   1
      0.26     9.81     9.55         8   5   2
     -4.39     5.16     8.52         9   6   3
met laser relative, ppm
     -6.20    -0.77     4.13         7   4   1
     -9.55     0.00    -0.26         8   5   2
    -14.20    -4.65    -1.29         9   6   3
 FOV   "a"       "b"     dmin     wmin      wfov
  1   0.998    0.0096   0.0022    13.94   774.4909 
  2   0.998    0.0093   0.0031     9.55   774.4875 
  3   1.004    0.0044   0.0027     8.52   774.4867 
  4   1.004    0.0030   0.0038     9.04   774.4871 
  5   0.993    0.0116   0.0039     9.81   774.4877 
  6   1.002    0.0053   0.0031     5.16   774.4841 
  7   1.005    0.0030   0.0025     3.62   774.4829 
  8   0.999    0.0072   0.0032     0.26   774.4803 
  9   1.005    0.0023   0.0031    -4.39   774.4767 
