eng neon=703.43586 assigned neon=703.44765, wlaser=773.26773

residuals x 1000
      3.04     3.29     3.09         7   4   1
      3.57     3.40     2.63         8   5   2
      4.07     3.43     3.56         9   6   3
met laser residuals, ppm
      0.26     7.76    11.90         7   4   1
     -0.78     6.47     9.05         8   5   2
     -2.85     5.69     9.05         9   6   3
met laser relative, ppm
     -6.21     1.29     5.43         7   4   1
     -7.24     0.00     2.59         8   5   2
     -9.31    -0.78     2.59         9   6   3
 FOV   "a"       "b"     dmin     wmin      wfov
  1   0.971    0.0275   0.0031    11.90   773.2769 
  2   0.971    0.0284   0.0026     9.05   773.2747 
  3   0.982    0.0222   0.0036     9.05   773.2747 
  4   0.974    0.0244   0.0033     7.76   773.2737 
  5   0.974    0.0248   0.0034     6.47   773.2727 
  6   0.982    0.0213   0.0034     5.69   773.2721 
  7   0.974    0.0248   0.0030     0.26   773.2679 
  8   0.976    0.0237   0.0036    -0.78   773.2671 
  9   0.979    0.0224   0.0041    -2.85   773.2655 
