eng neon=703.43586 assigned neon=703.44765, wlaser=774.61942

residuals x 1000
      8.27     8.55     8.30         7   4   1
      8.52     8.04     8.58         8   5   2
      8.22     8.55     8.36         9   6   3
met laser residuals, ppm
      5.94     9.55    12.65         7   4   1
      2.58     6.45     7.75         8   5   2
     -0.26     2.07     4.13         9   6   3
met laser relative, ppm
     -0.52     3.10     6.20         7   4   1
     -3.87     0.00     1.29         8   5   2
     -6.71    -4.39    -2.32         9   6   3
 FOV   "a"       "b"     dmin     wmin      wfov
  1   0.992    0.0083   0.0083    12.65   774.6292 
  2   0.994    0.0062   0.0086     7.75   774.6254 
  3   0.995    0.0057   0.0084     4.13   774.6226 
  4   0.995    0.0054   0.0086     9.55   774.6268 
  5   0.990    0.0091   0.0080     6.45   774.6244 
  6   0.996    0.0040   0.0085     2.07   774.6210 
  7   0.994    0.0062   0.0083     5.94   774.6240 
  8   0.994    0.0065   0.0085     2.58   774.6214 
  9   0.993    0.0068   0.0082    -0.26   774.6192 
