eng neon=703.43586 assigned neon=703.44765, wlaser=773.39996

residuals x 1000
      3.36     2.88     3.18         7   4   1
      2.60     3.69     3.61         8   5   2
      4.68     3.72     3.46         9   6   3
met laser residuals, ppm
     -0.78     5.69    10.09         7   4   1
     -1.81     6.72     8.02         8   5   2
     -3.36     4.40     7.76         9   6   3
met laser relative, ppm
     -7.50    -1.03     3.36         7   4   1
     -8.53     0.00     1.29         8   5   2
    -10.09    -2.33     1.03         9   6   3
 FOV   "a"       "b"     dmin     wmin      wfov
  1   0.980    0.0182   0.0032    10.09   773.4078 
  2   0.988    0.0130   0.0036     8.02   773.4062 
  3   0.981    0.0183   0.0035     7.76   773.4060 
  4   0.984    0.0139   0.0029     5.69   773.4044 
  5   0.987    0.0119   0.0037     6.72   773.4052 
  6   0.985    0.0134   0.0037     4.40   773.4034 
  7   0.977    0.0194   0.0034    -0.78   773.3994 
  8   0.979    0.0187   0.0026    -1.81   773.3986 
  9   0.989    0.0100   0.0047    -3.36   773.3974 
