eng neon=703.43586 assigned neon=703.44765, wlaser=773.40014

residuals x 1000
      5.02     4.16     5.36         7   4   1
      4.17     6.65     4.25         8   5   2
      5.28     4.23     5.72         9   6   3
met laser residuals, ppm
      2.84     6.72    11.90         7   4   1
      1.81     5.43     9.57         8   5   2
      3.36     6.21     9.83         9   6   3
met laser relative, ppm
     -2.59     1.29     6.46         7   4   1
     -3.62     0.00     4.14         8   5   2
     -2.07     0.78     4.40         9   6   3
 FOV   "a"       "b"     dmin     wmin      wfov
  1   0.976    0.0242   0.0054    11.90   773.4093 
  2   0.979    0.0212   0.0042     9.57   773.4075 
  3   0.980    0.0206   0.0057     9.83   773.4077 
  4   0.981    0.0197   0.0042     6.72   773.4053 
  5   0.978    0.0219   0.0066     5.43   773.4043 
  6   0.983    0.0179   0.0042     6.21   773.4049 
  7   0.980    0.0209   0.0050     2.84   773.4023 
  8   0.985    0.0158   0.0042     1.81   773.4015 
  9   0.978    0.0223   0.0053     3.36   773.4027 
