eng neon=703.43586 assigned neon=703.44765, wlaser=773.40014

residuals x 1000
      5.59     5.74     5.76         7   4   1
      5.95     7.19     5.70         8   5   2
      5.77     5.91     6.00         9   6   3
met laser residuals, ppm
      3.62     7.50    12.41         7   4   1
      2.84     6.21    10.34         8   5   2
      3.88     6.98    10.34         9   6   3
met laser relative, ppm
     -2.59     1.29     6.21         7   4   1
     -3.36     0.00     4.14         8   5   2
     -2.33     0.78     4.14         9   6   3
 FOV   "a"       "b"     dmin     wmin      wfov
  1   0.966    0.0346   0.0058    12.41   773.4097 
  2   0.968    0.0328   0.0057    10.34   773.4081 
  3   0.968    0.0325   0.0060    10.34   773.4081 
  4   0.970    0.0307   0.0057     7.50   773.4059 
  5   0.968    0.0328   0.0072     6.21   773.4049 
  6   0.971    0.0294   0.0059     6.98   773.4055 
  7   0.970    0.0319   0.0056     3.62   773.4029 
  8   0.974    0.0272   0.0060     2.84   773.4023 
  9   0.967    0.0337   0.0058     3.88   773.4031 
