11-10_pl_s1_CO
eng neon=703.43586 assigned neon=703.44765, wlaser=772.19211

residuals x 1000
      7.54     5.52     7.40         7   4   1
      5.53     4.72     5.70         8   5   2
      7.51     5.74     7.31         9   6   3
met laser residuals, ppm
      3.63     6.73    13.47         7   4   1
      2.59     6.73    10.62         8   5   2
      5.96     7.77    12.95         9   6   3
met laser relative, ppm
     -3.11     0.00     6.73         7   4   1
     -4.14     0.00     3.89         8   5   2
     -0.78     1.04     6.22         9   6   3
 FOV   "a"       "b"     dmin     wmin      wfov
  1   0.984    0.0207   0.0074    13.47   772.2025 
  2   0.990    0.0156   0.0057    10.62   772.2003 
  3   0.986    0.0188   0.0073    12.95   772.2021 
  4   0.991    0.0131   0.0055     6.73   772.1973 
  5   0.986    0.0192   0.0047     6.73   772.1973 
  6   0.992    0.0127   0.0057     7.77   772.1981 
  7   0.989    0.0143   0.0075     3.63   772.1949 
  8   0.996    0.0088   0.0055     2.59   772.1941 
  9   0.984    0.0197   0.0075     5.96   772.1967 
