11-11_pl_s1_CO2
eng neon=703.43586 assigned neon=703.44765, wlaser=772.19196

residuals x 1000
      2.60     3.38     3.11         7   4   1
      2.99     4.51     3.59         8   5   2
      3.62     2.83     2.48         9   6   3
met laser residuals, ppm
     -0.52     4.92    12.17         7   4   1
     -1.04     6.48    10.88         8   5   2
     -2.07     7.25    10.36         9   6   3
met laser relative, ppm
     -6.99    -1.55     5.70         7   4   1
     -7.51     0.00     4.40         8   5   2
     -8.55     0.78     3.89         9   6   3
 FOV   "a"       "b"     dmin     wmin      wfov
  1   0.977    0.0234   0.0031    12.17   772.2014 
  2   0.973    0.0266   0.0036    10.88   772.2004 
  3   0.970    0.0286   0.0025    10.36   772.2000 
  4   0.974    0.0251   0.0034     4.92   772.1958 
  5   0.981    0.0193   0.0045     6.48   772.1970 
  6   0.979    0.0208   0.0028     7.25   772.1976 
  7   0.970    0.0281   0.0026    -0.52   772.1916 
  8   0.978    0.0223   0.0030    -1.04   772.1912 
  9   0.979    0.0195   0.0036    -2.07   772.1904 
