eng neon=703.43586 assigned neon=703.44765, wlaser=773.39997

residuals x 1000
      7.27     6.95     7.23         7   4   1
      6.97     7.04     7.01         8   5   2
      7.21     6.99     7.25         9   6   3
met laser residuals, ppm
      5.69     9.31    13.71         7   4   1
      2.84     6.72     9.05         8   5   2
      1.55     4.14     7.24         9   6   3
met laser relative, ppm
     -1.03     2.59     6.98         7   4   1
     -3.88     0.00     2.33         8   5   2
     -5.17    -2.59     0.52         9   6   3
 FOV   "a"       "b"     dmin     wmin      wfov
  1   0.977    0.0235   0.0072    13.71   773.4106 
  2   0.980    0.0208   0.0070     9.05   773.4070 
  3   0.979    0.0216   0.0073     7.24   773.4056 
  4   0.981    0.0199   0.0070     9.31   773.4072 
  5   0.978    0.0227   0.0070     6.72   773.4052 
  6   0.981    0.0196   0.0070     4.14   773.4032 
  7   0.982    0.0194   0.0073     5.69   773.4044 
  8   0.980    0.0211   0.0070     2.84   773.4022 
  9   0.980    0.0215   0.0072     1.55   773.4012 
